0.00 0.05 0.05 0.00 0.09 0.00 0.00 0.00 0.09 0.05 0.10 0.10 0.00 0.09 0.06 0.00 0.00 0.04 0.05 0.00 0.05 0.11 0.00 0.00 0.00 0.05 0.00 0.10 0.00 0.05 0.10 0.09 0.09 0.10 0.00 0.10 0.11 0.00 0.06 0.05
0.05 0.00 0.11 0.00 0.09 0.00 0.00 0.05 0.19 0.00 0.05 0.00 0.00 0.05 0.06 0.08 0.00 0.05 0.05 0.15 0.06 0.06 0.00 0.05 0.00 0.00 0.05 0.05 0.05 0.00 0.11 0.09 0.23 0.00 0.06 0.05 0.11 0.00 0.00 0.10
0.05 0.11 0.00 0.11 0.18 0.00 0.16 0.16 0.29 0.11 0.15 0.10 0.05 0.10 0.12 0.08 0.00 0.14 0.17 0.05 0.23 0.06 0.00 0.05 0.00 0.10 0.05 0.05 0.15 0.20 0.16 0.19 0.14 0.00 0.06 0.05 0.17 0.00 0.06 0.15
0.00 0.00 0.11 0.00 0.09 0.00 0.10 0.21 0.00 0.00 0.10 0.00 0.00 0.09 0.00 0.15 0.00 0.00 0.00 0.20 0.22 0.00 0.11 0.10 0.00 0.00 0.00 0.00 0.00 0.00 0.00 0.00 0.00 0.00 0.00 0.00 0.00 0.00 0.11 0.00
0.09 0.09 0.18 0.09 0.00 0.09 0.04 0.04 0.16 0.04 0.13 0.13 0.09 0.08 0.00 0.07 0.14 0.08 0.05 0.04 0.14 0.00 0.00 0.09 0.00 0.04 0.00 0.13 0.00 0.13 0.27 0.00 0.08 0.04 0.05 0.09 0.05 0.00 0.10 0.13
0.00 0.00 0.00 0.00 0.09 0.00 0.00 0.00 0.00 0.00 0.10 0.10 0.10 0.00 0.11 0.00 0.00 0.00 0.00 0.00 0.00 0.00 0.00 0.00 0.00 0.00 0.00 0.00 0.09 0.10 0.10 0.00 0.00 0.00 0.00 0.00 0.00 0.00 0.00 0.10
0.00 0.00 0.16 0.10 0.04 0.00 0.00 0.16 0.09 0.00 0.15 0.05 0.00 0.14 0.11 0.23 0.00 0.00 0.00 0.10 0.06 0.11 0.17 0.11 0.00 0.15 0.00 0.25 0.14 0.10 0.00 0.09 0.09 0.16 0.17 0.10 0.11 0.00 0.06 0.05
0.00 0.05 0.16 0.21 0.04 0.00 0.16 0.00 0.00 0.00 0.05 0.10 0.00 0.10 0.00 0.15 0.00 0.09 0.05 0.21 0.11 0.00 0.11 0.26 0.00 0.10 0.00 0.05 0.05 0.10 0.00 0.00 0.00 0.00 0.00 0.05 0.05 0.21 0.06 0.05
0.09 0.19 0.29 0.00 0.16 0.00 0.09 0.00 0.00 0.00 0.09 0.09 0.09 0.00 0.20 0.14 0.29 0.16 0.19 0.00 0.20 0.10 0.10 0.00 0.00 0.17 0.09 0.18 0.26 0.09 0.37 0.33 0.25 0.19 0.20 0.09 0.29 0.00 0.00 0.18
0.05 0.00 0.11 0.00 0.04 0.00 0.00 0.00 0.00 0.00 0.10 0.00 0.05 0.09 0.00 0.00 0.00 0.04 0.05 0.00 0.05 0.05 0.00 0.05 0.00 0.00 0.00 0.10 0.05 0.00 0.05 0.00 0.09 0.05 0.05 0.05 0.05 0.00 0.06 0.00
0.10 0.05 0.15 0.10 0.13 0.10 0.15 0.05 0.09 0.10 0.00 0.05 0.05 0.09 0.05 0.07 0.00 0.09 0.05 0.05 0.05 0.05 0.00 0.15 0.00 0.00 0.00 0.09 0.00 0.14 0.15 0.09 0.17 0.05 0.05 0.14 0.20 0.00 0.16 0.09
0.10 0.00 0.10 0.00 0.13 0.10 0.05 0.10 0.09 0.00 0.05 0.00 0.19 0.18 0.11 0.00 0.00 0.17 0.05 0.05 0.10 0.10 0.00 0.00 0.00 0.14 0.09 0.09 0.04 0.23 0.20 0.17 0.04 0.00 0.00 0.05 0.00 0.00 0.05 0.23
0.00 0.00 0.05 0.00 0.09 0.10 0.00 0.00 0.09 0.05 0.05 0.19 0.00 0.09 0.05 0.00 0.00 0.09 0.10 0.05 0.05 0.11 0.00 0.05 0.15 0.00 0.00 0.05 0.09 0.09 0.30 0.09 0.09 0.05 0.05 0.05 0.00 0.00 0.05 0.10
0.09 0.05 0.10 0.09 0.08 0.00 0.14 0.10 0.00 0.09 0.09 0.18 0.09 0.00 0.05 0.07 0.00 0.00 0.00 0.05 0.05 0.05 0.00 0.10 0.00 0.13 0.09 0.09 0.00 0.04 0.05 0.00 0.17 0.05 0.05 0.05 0.00 0.00 0.31 0.00
0.06 0.06 0.12 0.00 0.00 0.11 0.11 0.00 0.20 0.00 0.05 0.11 0.05 0.05 0.00 0.00 0.00 0.10 0.12 0.00 0.12 0.18 0.00 0.00 0.00 0.05 0.05 0.05 0.21 0.11 0.11 0.31 0.05 0.00 0.12 0.00 0.18 0.00 0.06 0.11
0.00 0.08 0.08 0.15 0.07 0.00 0.23 0.15 0.14 0.00 0.07 0.00 0.00 0.07 0.00 0.00 0.00 0.00 0.00 0.15 0.08 0.00 0.16 0.08 0.00 0.14 0.00 0.15 0.14 0.00 0.00 0.00 0.14 0.15 0.08 0.00 0.08 0.00 0.08 0.00
0.00 0.00 0.00 0.00 0.14 0.00 0.00 0.00 0.29 0.00 0.00 0.00 0.00 0.00 0.00 0.00 0.00 0.00 0.00 0.00 0.00 0.00 0.00 0.00 0.00 0.15 0.00 0.00 0.00 0.00 0.16 0.00 0.00 0.00 0.00 0.00 0.00 0.00 0.00 0.00
0.04 0.05 0.14 0.00 0.08 0.00 0.00 0.09 0.16 0.04 0.09 0.17 0.09 0.00 0.10 0.00 0.00 0.00 0.19 0.18 0.34 0.15 0.00 0.05 0.00 0.09 0.13 0.04 0.13 0.13 0.14 0.16 0.04 0.05 0.10 0.04 0.14 0.00 0.00 0.13
0.05 0.05 0.17 0.00 0.05 0.00 0.00 0.05 0.19 0.05 0.05 0.05 0.10 0.00 0.12 0.00 0.00 0.19 0.00 0.00 0.11 0.06 0.00 0.00 0.17 0.05 0.05 0.00 0.15 0.10 0.16 0.19 0.05 0.05 0.06 0.05 0.11 0.07 0.06 0.10
0.00 0.15 0.05 0.20 0.04 0.00 0.10 0.21 0.00 0.00 0.05 0.05 0.05 0.05 0.00 0.15 0.00 0.18 0.00 0.00 0.11 0.05 0.00 0.10 0.00 0.00 0.09 0.05 0.14 0.00 0.00 0.00 0.05 0.05 0.05 0.05 0.05 0.00 0.06 0.00
0.05 0.06 0.23 0.22 0.14 0.00 0.06 0.11 0.20 0.05 0.05 0.10 0.05 0.05 0.12 0.08 0.00 0.34 0.11 0.11 0.00 0.12 0.00 0.11 0.00 0.05 0.05 0.05 0.15 0.10 0.17 0.20 0.05 0.00 0.12 0.00 0.06 0.00 0.12 0.05
0.11 0.06 0.06 0.00 0.00 0.00 0.11 0.00 0.10 0.05 0.05 0.10 0.11 0.05 0.18 0.00 0.00 0.15 0.06 0.05 0.12 0.00 0.00 0.00 0.00 0.00 0.05 0.00 0.05 0.05 0.11 0.20 0.15 0.00 0.06 0.00 0.17 0.00 0.00 0.00
0.00 0.00 0.00 0.11 0.00 0.00 0.17 0.11 0.10 0.00 0.00 0.00 0.00 0.00 0.00 0.16 0.00 0.00 0.00 0.00 0.00 0.00 0.00 0.17 0.00 0.10 0.00 0.21 0.10 0.00 0.00 0.00 0.10 0.11 0.06 0.00 0.06 0.15 0.00 0.00
0.00 0.05 0.05 0.10 0.09 0.00 0.11 0.26 0.00 0.05 0.15 0.00 0.05 0.10 0.00 0.08 0.00 0.05 0.00 0.10 0.11 0.00 0.17 0.00 0.00 0.00 0.00 0.05 0.00 0.05 0.05 0.00 0.09 0.16 0.17 0.15 0.00 0.28 0.11 0.00
0.00 0.00 0.00 0.00 0.00 0.00 0.00 0.00 0.00 0.00 0.00 0.00 0.15 0.00 0.00 0.00 0.00 0.00 0.17 0.00 0.00 0.00 0.00 0.00 0.00 0.00 0.00 0.00 0.15 0.00 0.16 0.00 0.00 0.00 0.00 0.00 0.00 0.00 0.00 0.00
0.05 0.00 0.10 0.00 0.04 0.00 0.15 0.10 0.17 0.00 0.00 0.14 0.00 0.13 0.05 0.14 0.15 0.09 0.05 0.00 0.05 0.00 0.10 0.00 0.00 0.00 0.00 0.09 0.18 0.14 0.10 0.17 0.13 0.10 0.05 0.00 0.20 0.00 0.05 0.05
0.00 0.05 0.05 0.00 0.00 0.00 0.00 0.00 0.09 0.00 0.00 0.09 0.00 0.09 0.05 0.00 0.00 0.13 0.05 0.09 0.05 0.05 0.00 0.00 0.00 0.00 0.00 0.00 0.13 0.00 0.05 0.09 0.04 0.05 0.05 0.05 0.10 0.00 0.00 0.05
0.10 0.05 0.05 0.00 0.13 0.00 0.25 0.05 0.18 0.10 0.09 0.09 0.05 0.09 0.05 0.15 0.00 0.04 0.00 0.05 0.05 0.00 0.21 0.05 0.00 0.09 0.00 0.00 0.14 0.00 0.15 0.00 0.18 0.15 0.16 0.15 0.10 0.00 0.11 0.10
0.00 0.05 0.15 0.00 0.00 0.09 0.14 0.05 0.26 0.05 0.00 0.04 0.09 0.00 0.21 0.14 0.00 0.13 0.15 0.14 0.15 0.05 0.10 0.00 0.15 0.18 0.13 0.14 0.00 0.09 0.14 0.17 0.21 0.14 0.10 0.05 0.15 0.00 0.00 0.09
0.05 0.00 0.20 0.00 0.13 0.10 0.10 0.10 0.09 0.00 0.14 0.23 0.09 0.04 0.11 0.00 0.00 0.13 0.10 0.00 0.10 0.05 0.00 0.05 0.00 0.14 0.00 0.00 0.09 0.00 0.15 0.09 0.04 0.00 0.00 0.05 0.15 0.00 0.11 0.23
0.10 0.11 0.16 0.00 0.27 0.10 0.00 0.00 0.37 0.05 0.15 0.20 0.30 0.05 0.11 0.00 0.16 0.14 0.16 0.00 0.17 0.11 0.00 0.05 0.16 0.10 0.05 0.15 0.14 0.15 0.00 0.19 0.19 0.05 0.11 0.15 0.22 0.00 0.11 0.15
0.09 0.09 0.19 0.00 0.00 0.00 0.09 0.00 0.33 0.00 0.09 0.17 0.09 0.00 0.31 0.00 0.00 0.16 0.19 0.00 0.20 0.20 0.00 0.00 0.00 0.17 0.09 0.00 0.17 0.09 0.19 0.00 0.08 0.00 0.10 0.00 0.19 0.00 0.00 0.09
0.09 0.23 0.14 0.00 0.08 0.00 0.09 0.00 0.25 0.09 0.17 0.04 0.09 0.17 0.05 0.14 0.00 0.04 0.05 0.05 0.05 0.15 0.10 0.09 0.00 0.13 0.04 0.18 0.21 0.04 0.19 0.08 0.00 0.14 0.15 0.09 0.19 0.00 0.10 0.04
0.10 0.00 0.00 0.00 0.04 0.00 0.16 0.00 0.19 0.05 0.05 0.00 0.05 0.05 0.00 0.15 0.00 0.05 0.05 0.05 0.00 0.00 0.11 0.16 0.00 0.10 0.05 0.15 0.14 0.00 0.05 0.00 0.14 0.00 0.28 0.10 0.05 0.07 0.06 0.10
0.00 0.06 0.06 0.00 0.05 0.00 0.17 0.00 0.20 0.05 0.05 0.00 0.05 0.05 0.12 0.08 0.00 0.10 0.06 0.05 0.12 0.06 0.06 0.17 0.00 0.05 0.05 0.16 0.10 0.00 0.11 0.10 0.15 0.28 0.00 0.05 0.11 0.00 0.06 0.05
0.10 0.05 0.05 0.00 0.09 0.00 0.10 0.05 0.09 0.05 0.14 0.05 0.05 0.05 0.00 0.00 0.00 0.04 0.05 0.05 0.00 0.00 0.00 0.15 0.00 0.00 0.05 0.15 0.05 0.05 0.15 0.00 0.09 0.10 0.05 0.00 0.11 0.00 0.06 0.10
0.11 0.11 0.17 0.00 0.05 0.00 0.11 0.05 0.29 0.05 0.20 0.00 0.00 0.00 0.18 0.08 0.00 0.14 0.11 0.05 0.06 0.17 0.06 0.00 0.00 0.20 0.10 0.10 0.15 0.15 0.22 0.19 0.19 0.05 0.11 0.11 0.00 0.00 0.06 0.10
0.00 0.00 0.00 0.00 0.00 0.00 0.00 0.21 0.00 0.00 0.00 0.00 0.00 0.00 0.00 0.00 0.00 0.00 0.07 0.00 0.00 0.00 0.15 0.28 0.00 0.00 0.00 0.00 0.00 0.00 0.00 0.00 0.00 0.07 0.00 0.00 0.00 0.00 0.00 0.00
0.06 0.00 0.06 0.11 0.10 0.00 0.06 0.06 0.00 0.06 0.16 0.05 0.05 0.31 0.06 0.08 0.00 0.00 0.06 0.06 0.12 0.00 0.00 0.11 0.00 0.05 0.00 0.11 0.00 0.11 0.11 0.00 0.10 0.06 0.06 0.06 0.06 0.00 0.00 0.00
0.05 0.10 0.15 0.00 0.13 0.10 0.05 0.05 0.18 0.00 0.09 0.23 0.10 0.00 0.11 0.00 0.00 0.13 0.10 0.00 0.05 0.00 0.00 0.00 0.00 0.05 0.05 0.10 0.09 0.23 0.15 0.09 0.04 0.10 0.05 0.10 0.10 0.00 0.00 0.00
